9644 416 7878 1026 716 198 
416 98 611 143 85 17 
7878 611 7825 1226 813 186 
1026 143 1226 237 148 31 
716 85 813 148 94 20 
198 17 186 31 20 5 
